defaults:
  - vpsde_train_config
  - sampler: vpsde_velocity_sampler
  - diffusion: base_temporal_unet
  - likelihood: base_likelihood
  - example: multivariate_gaussian_example
  - _self_

example:
  d: 50
  mu: [[ 0.4607],
       [-1.0395],
       [-0.2487],
       [-0.1428],
       [-1.4988],
       [-0.1422],
       [-0.9545],
       [-0.6396],
       [ 0.5771],
       [-0.5948],
       [-0.6012],
       [ 0.2507],
       [ 0.2535],
       [-1.0763],
       [ 0.7306],
       [ 0.9225],
       [-2.5362],
       [-0.0528],
       [ 2.0937],
       [-0.4080],
       [-1.4572],
       [-1.7489],
       [-0.6516],
       [ 0.6642],
       [-0.3439],
       [-0.1723],
       [-1.1185],
       [ 1.2768],
       [ 0.8581],
       [ 0.8962],
       [-0.9159],
       [-0.0492],
       [ 1.5369],
       [ 1.3112],
       [-0.7417],
       [-0.1301],
       [-0.8179],
       [-0.1382],
       [ 0.4599],
       [ 0.0817],
       [ 0.5860],
       [ 0.1541],
       [-0.0175],
       [ 0.1880],
       [-0.5296],
       [ 1.9017],
       [-0.6819],
       [-2.2515],
       [ 0.8977],
       [-0.0109]]
  sigma: [[ 5.0315e+01,  1.2202e+01, -4.8467e+00, -6.8194e+00, -6.0565e+00,
          2.6822e-01,  2.6037e+00, -6.4177e+00, -1.0589e+01, -4.2208e-01,
         -1.0344e+01,  1.5929e+00,  9.1724e+00, -3.4345e+00, -1.4862e+00,
         -1.0285e+00, -1.8781e+00, -8.7861e+00,  2.3297e+00,  9.2236e-01,
         -4.5262e+00,  2.6384e+00,  6.8257e+00,  9.8236e+00,  9.3990e+00,
         -1.4019e+01,  9.9160e+00, -7.3452e+00, -1.2886e+00, -8.2023e+00,
         -6.3895e+00,  7.0584e+00,  8.7597e-01, -8.0659e+00, -4.9779e+00,
          9.9786e+00, -6.7049e-01, -2.8386e+00, -4.5117e+00, -5.1192e+00,
         -6.0278e+00,  4.2722e+00, -9.5120e+00, -2.9821e+00, -1.0000e+01,
         -7.1176e+00,  2.0647e+00, -6.3095e+00,  1.9193e-01, -6.1725e-01],
        [ 1.2202e+01,  3.8891e+01, -7.8264e+00, -3.7344e+00,  4.8034e-01,
         -1.6629e+00, -1.0718e+01, -3.5359e+00, -7.8675e+00, -7.5538e-01,
         -1.1263e+01, -8.0856e-01,  2.0669e+01, -1.1201e+00,  2.8621e+00,
          5.9585e-01,  6.0268e+00, -5.3406e+00,  9.6168e-01, -2.6272e-01,
         -1.1914e+01, -3.6875e+00,  2.2210e+00, -5.0285e+00, -1.2306e+00,
         -6.4165e+00,  5.3386e+00, -3.3486e-01,  1.4673e+00,  1.1476e+00,
         -9.7680e+00, -3.0559e-01,  2.7090e+00,  1.0448e+01,  7.9417e+00,
          3.9722e+00,  5.9566e+00, -9.5077e+00, -1.0358e-01, -5.6606e+00,
          2.3442e+00, -1.1271e+01, -1.1980e+01, -5.7866e+00, -1.6255e+01,
         -4.0566e+00,  2.2738e+00, -2.0598e+00, -7.5444e-01,  1.1690e+01],
        [-4.8467e+00, -7.8264e+00,  3.6062e+01, -3.2105e+00, -5.2284e+00,
          8.9038e+00,  6.3338e+00,  1.1212e+01,  8.4672e-01,  4.3009e+00,
         -7.1942e+00, -4.7089e+00, -8.6565e+00,  8.0201e-01,  1.0850e+01,
         -4.6431e+00,  7.9718e+00,  6.5917e+00, -5.2474e+00, -5.7785e+00,
         -3.5483e+00, -3.3214e+00,  1.2518e+00, -8.8650e+00,  8.5147e+00,
          8.5996e-01, -3.9810e+00, -6.0050e+00, -3.6263e+00, -3.7682e+00,
          3.3094e+00, -6.3653e-01, -9.7919e+00,  5.0571e+00,  2.2664e+00,
         -1.3090e+01, -2.3165e+00, -9.9549e-01, -4.9709e+00, -4.6538e+00,
         -4.7722e+00, -2.0131e-01, -3.4378e-01,  1.0250e+01,  1.1481e+01,
         -2.9063e+00,  2.1252e+00, -2.7549e+00, -7.6930e+00, -6.4212e+00],
        [-6.8194e+00, -3.7344e+00, -3.2105e+00,  4.4995e+01,  2.6686e+00,
         -2.9500e+00, -1.1744e+01,  2.3554e+00,  3.8142e+00, -3.3375e+00,
          7.3739e+00, -4.1517e+00, -5.0833e+00, -1.0149e+00,  9.4607e+00,
          1.0540e+00,  9.8175e+00, -8.2986e+00,  1.2501e+01, -6.6446e+00,
          2.3207e+00,  4.9936e+00,  7.0434e+00, -1.9725e+01, -9.5404e+00,
          3.2725e+00, -9.3631e+00, -8.5660e+00, -1.4142e+01,  7.1810e+00,
         -1.0380e-01, -5.1780e+00,  8.1131e+00,  4.3350e+00,  6.9030e+00,
         -1.0664e+00,  2.5957e+00, -1.0926e+01, -6.3124e+00, -3.7240e+00,
          5.4897e+00,  4.3326e+00,  1.3260e+01,  1.4869e+01,  2.0105e+00,
         -3.4699e+00, -2.9043e+00,  1.1332e+01,  1.7660e+00,  3.5404e+00],
        [-6.0565e+00,  4.8034e-01, -5.2284e+00,  2.6686e+00,  4.4097e+01,
         -1.3479e+01,  5.1757e+00, -3.5712e+00,  1.2591e+00, -2.0144e+00,
          4.6137e+00, -2.9390e+00, -3.8204e+00, -5.3504e+00,  3.3264e+00,
         -1.2400e+01, -1.1140e+01, -8.8467e-01,  4.5616e+00,  1.4182e+01,
         -1.2215e+00,  3.6443e+00,  6.2108e+00,  3.0640e-01, -1.5169e+00,
         -1.1967e+01, -4.6134e+00,  2.8198e+00,  1.0495e+01, -2.3434e+00,
          7.0513e+00, -5.8085e+00,  1.0181e+01, -1.5132e-01,  6.3840e+00,
         -2.3491e+00,  8.2494e+00, -1.0773e+01,  4.6343e+00, -1.0425e+01,
          7.8309e+00,  4.2283e+00,  3.2113e+00, -1.3049e+01,  1.3078e+01,
          9.8718e-01, -5.5513e+00, -1.2210e+01,  1.6495e+01, -7.3080e+00],
        [ 2.6822e-01, -1.6629e+00,  8.9038e+00, -2.9500e+00, -1.3479e+01,
          4.3819e+01, -1.1904e+00,  9.6812e+00, -6.9719e+00,  1.7949e+01,
         -4.6944e+00,  6.5025e+00,  4.5083e+00,  4.1917e+00, -2.8281e-01,
         -6.9165e+00, -3.0501e+00,  2.3947e+00, -9.9890e+00, -9.5204e-01,
         -5.4173e+00, -8.1926e+00,  7.8598e-01,  5.8218e+00, -1.0610e+01,
          6.4278e+00, -7.9394e+00, -1.2944e+00, -4.1764e+00,  4.4882e+00,
         -1.2378e+00, -1.2775e+00, -9.3523e+00, -8.9198e-02,  8.9015e-01,
          2.6981e+00,  2.1327e+00,  5.0658e+00, -7.6554e+00,  2.7321e-01,
         -1.1173e+00, -3.9356e+00, -8.4708e+00,  4.0634e+00, -7.6024e+00,
         -1.2332e+01,  6.4629e+00, -3.8069e-01, -1.2272e+01,  7.4459e+00],
        [ 2.6037e+00, -1.0718e+01,  6.3338e+00, -1.1744e+01,  5.1757e+00,
         -1.1904e+00,  5.8368e+01,  7.3983e+00, -1.4041e+01,  2.4071e+00,
          7.8513e+00, -1.1484e-01,  7.0348e-01,  3.0055e+00,  2.2309e+00,
         -5.1738e+00, -1.8195e+01,  8.2080e+00,  7.2243e+00, -1.1687e+01,
         -1.2585e+01,  1.2932e+00,  3.2972e-01,  6.2750e-01,  3.7137e+00,
         -1.2810e+01, -7.1213e+00,  8.8718e+00, -8.2261e-01,  2.3570e+00,
          3.7237e+00, -3.4375e+00, -3.0775e+00,  1.5344e+00, -1.2967e+01,
         -1.5216e+01,  1.4094e-01,  3.6735e+00,  6.9727e+00, -1.0104e+00,
         -8.2087e+00,  4.9517e+00,  1.3435e+00, -6.1829e+00,  2.4064e+01,
          3.8596e+00, -3.6434e+00, -5.6199e+00,  4.3106e+00, -9.5643e+00],
        [-6.4177e+00, -3.5359e+00,  1.1212e+01,  2.3554e+00, -3.5712e+00,
          9.6812e+00,  7.3983e+00,  4.6018e+01, -7.8742e-01,  2.9985e+00,
         -1.1604e+01, -3.3356e+00, -1.0366e+01, -9.8089e+00,  3.2369e+00,
          5.6639e+00,  2.1909e+00,  1.5278e+01, -7.3333e+00, -1.6665e+01,
          3.6281e+00,  6.9368e+00, -1.6087e+00,  4.5894e+00,  7.1117e+00,
          1.0355e+01, -7.8980e+00,  1.4621e+00, -3.2423e+00, -5.3792e+00,
          2.7759e+00,  6.1169e+00, -1.4367e+01,  5.8892e+00, -6.3586e+00,
         -1.0967e+01,  2.4410e+00, -3.4804e-01, -1.5256e+01,  5.2540e+00,
         -5.0196e-01,  1.8056e+00,  7.5016e+00,  1.5509e+01,  6.2794e+00,
         -3.6592e+00, -2.8445e-01,  1.3924e+01,  1.4544e+00,  2.2764e+00],
        [-1.0589e+01, -7.8675e+00,  8.4672e-01,  3.8142e+00,  1.2591e+00,
         -6.9719e+00, -1.4041e+01, -7.8742e-01,  5.5545e+01, -4.0802e+00,
          7.0989e+00,  2.9920e+00, -6.6871e+00,  2.7863e+00,  3.0647e-01,
          8.5148e+00,  2.3492e+00, -3.9867e+00,  7.7787e+00, -4.4838e+00,
         -3.8668e+00,  1.2468e-01,  1.7317e-01, -7.6248e+00,  5.6622e+00,
         -8.0815e-01, -1.1829e+01, -5.6525e+00,  5.7411e+00,  1.0043e+01,
         -6.7212e-01,  2.0915e+00, -6.0413e-01, -1.1005e+01,  7.3660e+00,
         -3.5070e+00, -6.0005e+00,  4.4672e+00,  9.1484e-01,  5.6172e+00,
          5.3291e+00, -9.5680e-01,  5.7560e+00,  2.0527e+00,  3.6530e-03,
          1.2497e+01,  5.1293e+00,  8.2082e+00,  1.6660e+00,  6.1545e+00],
        [-4.2208e-01, -7.5538e-01,  4.3009e+00, -3.3375e+00, -2.0144e+00,
          1.7949e+01,  2.4071e+00,  2.9985e+00, -4.0802e+00,  5.6306e+01,
          5.7836e+00, -2.8427e+00,  8.5086e+00,  4.5611e+00,  2.2910e+00,
         -2.3853e+00, -6.7244e+00, -1.5263e+00, -1.1385e+01,  1.3452e+01,
         -1.3907e+01, -6.8622e+00,  1.3738e+00, -1.1994e+01, -1.0890e+01,
          7.5197e+00, -2.0239e+00, -6.1439e+00, -7.2133e-01,  2.0372e+00,
          5.8612e+00,  1.0949e+01,  5.5724e+00,  1.0651e+00, -5.6978e+00,
         -1.0219e+01, -9.5206e+00,  4.9754e+00, -2.0716e+00, -3.1007e+00,
          8.5993e+00, -3.3097e+00, -1.1409e+01,  1.3691e+01, -9.3148e-01,
          7.7465e+00,  1.1330e+00, -1.1144e+01, -1.4684e+01, -5.7451e+00],
        [-1.0344e+01, -1.1263e+01, -7.1942e+00,  7.3739e+00,  4.6137e+00,
         -4.6944e+00,  7.8513e+00, -1.1604e+01,  7.0989e+00,  5.7836e+00,
          5.1732e+01, -4.1078e+00, -5.5254e+00,  1.0374e+01, -2.0909e-01,
         -2.2149e+00, -5.8251e+00, -1.1354e+01,  7.5033e+00, -6.8153e+00,
         -4.3431e+00,  1.1854e+01,  2.7286e+00, -1.4114e+00,  7.5811e-01,
          3.1961e-01, -8.0318e+00, -5.0886e-01,  4.2788e+00,  9.2422e+00,
         -7.8808e+00,  6.7768e+00,  7.8599e+00,  7.8013e+00,  7.0575e-01,
          9.9285e-01, -1.0814e+01,  4.5048e-01, -7.9471e+00,  8.3539e+00,
          5.2931e+00,  8.6910e+00, -1.1544e+00,  5.7424e+00,  1.1072e+01,
          8.2567e+00,  1.4375e+01,  3.0700e-01, -1.4602e+01, -5.7679e+00],
        [ 1.5929e+00, -8.0856e-01, -4.7089e+00, -4.1517e+00, -2.9390e+00,
          6.5025e+00, -1.1484e-01, -3.3356e+00,  2.9920e+00, -2.8427e+00,
         -4.1078e+00,  4.1613e+01,  1.5367e+00,  5.6973e+00, -1.0952e+01,
         -1.9595e+00, -7.4034e+00,  2.9154e+00, -7.9204e-01, -1.0816e+00,
          9.8406e-01,  2.0254e+00, -6.2084e+00,  6.2209e+00, -4.6332e-01,
          2.5167e+00,  6.7494e+00,  2.9796e-01, -8.9458e-01,  1.1532e+00,
          6.1156e+00,  1.6675e+00,  5.0924e+00,  2.0364e-01, -9.4115e+00,
          1.5333e+01, -8.6419e+00,  3.5643e+00,  1.2020e+01,  7.3134e+00,
         -5.5487e+00, -2.2859e+00, -3.3650e+00, -2.2855e+00, -3.1799e+00,
         -4.0554e+00,  3.9338e+00, -7.7239e+00, -4.8604e+00, -1.8231e+00],
        [ 9.1724e+00,  2.0669e+01, -8.6565e+00, -5.0833e+00, -3.8204e+00,
          4.5083e+00,  7.0348e-01, -1.0366e+01, -6.6871e+00,  8.5086e+00,
         -5.5254e+00,  1.5367e+00,  4.7896e+01,  7.2109e+00,  1.5251e-01,
          6.5018e+00, -8.3279e+00, -2.1186e+00,  2.1525e+00,  4.1513e+00,
         -1.5407e+01, -1.2231e+01,  2.8366e+00, -5.3828e-01, -7.0977e+00,
         -7.9589e+00,  5.8664e-01,  2.9358e+00,  7.5034e+00,  1.2683e+01,
         -9.5856e+00,  3.0443e+00,  1.1239e+01,  5.4283e+00,  5.1589e+00,
          8.0166e+00, -2.5374e-01, -5.5188e+00,  1.3776e+00,  8.5268e+00,
         -1.3381e+00, -1.3591e+01, -6.0551e+00, -4.1439e+00, -5.5409e+00,
         -7.5880e-01,  6.6893e+00, -3.0452e+00, -8.7580e+00,  9.1936e+00],
        [-3.4345e+00, -1.1201e+00,  8.0201e-01, -1.0149e+00, -5.3504e+00,
          4.1917e+00,  3.0055e+00, -9.8089e+00,  2.7863e+00,  4.5611e+00,
          1.0374e+01,  5.6973e+00,  7.2109e+00,  4.3117e+01, -6.0403e+00,
         -1.2316e+01,  4.2402e+00, -1.0858e+01,  5.0694e+00,  1.0553e+01,
         -1.1053e+01,  1.8584e+00, -2.4941e+00, -7.9601e+00, -6.0120e+00,
         -1.5361e+00, -5.1816e+00, -1.3312e+01, -1.7667e+00,  7.0698e+00,
          9.6934e-01, -7.8880e-01,  6.3711e+00,  1.4799e+01,  1.2682e+00,
          3.7715e-01, -1.1045e-01,  1.9928e+01,  5.5270e+00, -1.1845e+01,
         -1.2126e+00, -1.1169e+01, -5.6633e+00, -2.9674e+00, -2.9229e+00,
          1.5684e+00, -3.5553e+00,  6.4295e+00, -9.4612e+00, -5.0327e+00],
        [-1.4862e+00,  2.8621e+00,  1.0850e+01,  9.4607e+00,  3.3264e+00,
         -2.8281e-01,  2.2309e+00,  3.2369e+00,  3.0647e-01,  2.2910e+00,
         -2.0909e-01, -1.0952e+01,  1.5251e-01, -6.0403e+00,  6.2845e+01,
         -5.1633e+00, -2.7597e+00,  7.8608e+00,  4.1110e-01, -4.1069e+00,
         -6.4107e+00,  5.9802e-01,  3.4403e+00, -1.4610e+01,  4.7227e+00,
          3.2915e+00, -1.1628e+01, -8.6843e+00, -1.2696e+00, -1.9698e+00,
         -5.5183e+00,  1.5253e+00, -5.6157e+00,  6.1423e+00,  7.5391e+00,
         -4.5285e+00,  1.6949e+00, -1.5459e+01, -8.4425e+00, -7.3779e+00,
         -7.5704e+00, -3.9947e+00, -7.6056e+00,  5.7344e+00,  2.8918e+00,
         -9.0710e+00,  3.7227e-01, -4.5106e+00, -2.5327e-01,  6.6931e+00],
        [-1.0285e+00,  5.9585e-01, -4.6431e+00,  1.0540e+00, -1.2400e+01,
         -6.9165e+00, -5.1738e+00,  5.6639e+00,  8.5148e+00, -2.3853e+00,
         -2.2149e+00, -1.9595e+00,  6.5018e+00, -1.2316e+01, -5.1633e+00,
          4.5351e+01,  6.2595e+00, -5.1660e+00,  6.6558e+00, -1.5369e+01,
          8.2145e+00, -9.3605e-01,  1.2956e+00,  9.5150e+00, -6.6557e-01,
         -7.0562e-01,  6.3092e+00,  3.8699e+00,  4.0713e+00,  4.3538e+00,
         -6.2710e+00,  1.0358e+00, -5.1165e+00, -3.8177e+00, -4.6064e+00,
         -4.2624e+00, -5.2674e+00, -9.7300e+00, -3.7072e+00,  1.2459e+01,
          2.5785e+00,  3.1923e-01,  1.0554e+01,  5.5251e+00,  2.2103e+00,
          2.9543e+00,  5.2397e+00,  9.5665e+00,  4.7534e+00,  8.3328e+00],
        [-1.8781e+00,  6.0268e+00,  7.9718e+00,  9.8175e+00, -1.1140e+01,
         -3.0501e+00, -1.8195e+01,  2.1909e+00,  2.3492e+00, -6.7244e+00,
         -5.8251e+00, -7.4034e+00, -8.3279e+00,  4.2402e+00, -2.7597e+00,
          6.2595e+00,  4.6188e+01,  1.6567e+00,  8.2334e+00, -9.3676e+00,
          1.5607e+00, -1.3871e+00, -3.0660e-01, -4.7733e+00, -6.4396e+00,
          2.1676e+00,  2.6773e+00, -3.2341e+00, -1.1673e+01,  3.8889e+00,
          1.0690e+01, -5.5922e+00, -4.8263e+00,  4.5292e+00,  6.1672e+00,
         -9.3054e+00, -4.1689e+00, -5.6401e+00, -3.9262e+00, -5.6257e+00,
          1.5168e+00,  4.0864e+00, -5.6534e+00,  1.1061e+01, -3.4948e+00,
          2.5073e+00, -6.8968e+00,  1.6145e+01, -1.1205e-01,  4.7389e+00],
        [-8.7861e+00, -5.3406e+00,  6.5917e+00, -8.2986e+00, -8.8467e-01,
          2.3947e+00,  8.2080e+00,  1.5278e+01, -3.9867e+00, -1.5263e+00,
         -1.1354e+01,  2.9154e+00, -2.1186e+00, -1.0858e+01,  7.8608e+00,
         -5.1660e+00,  1.6567e+00,  6.0564e+01, -1.7045e+01, -5.8056e-01,
         -2.7237e+00,  2.1242e+00, -7.1840e+00,  1.6975e+00,  6.3861e+00,
          1.1313e+01, -5.3459e+00,  8.8861e-01, -2.0646e+01,  8.8306e+00,
          7.6453e+00, -5.2614e+00, -2.7949e+00,  9.9093e+00, -7.2514e+00,
          6.5236e+00, -9.5779e+00,  5.9699e+00, -3.8898e+00,  6.2531e+00,
         -1.6906e+01,  1.9532e+00,  1.0224e+01,  8.1316e-01,  1.0753e+01,
         -6.3071e+00, -3.3216e+00,  3.6594e+00, -5.6545e+00,  2.4784e+00],
        [ 2.3297e+00,  9.6168e-01, -5.2474e+00,  1.2501e+01,  4.5616e+00,
         -9.9890e+00,  7.2243e+00, -7.3333e+00,  7.7787e+00, -1.1385e+01,
          7.5033e+00, -7.9204e-01,  2.1525e+00,  5.0694e+00,  4.1110e-01,
          6.6558e+00,  8.2334e+00, -1.7045e+01,  5.1811e+01, -1.0030e+01,
         -5.8502e+00,  6.3459e-01, -6.0332e+00, -7.8547e+00, -5.7062e+00,
         -8.3199e+00,  3.8315e+00, -1.0109e+01, -1.3341e+00,  4.8923e+00,
          1.0370e+01, -6.3661e+00,  1.2499e+01, -3.0475e+00,  2.0980e+00,
         -4.1736e+00,  1.7002e+00, -7.5401e+00,  2.4001e+00, -2.0709e+00,
          1.2653e+01,  6.4479e+00,  3.1929e-02,  5.4120e+00,  8.2151e+00,
          8.4805e+00,  6.2920e+00,  7.7845e+00, -7.3273e-01,  9.0778e+00],
        [ 9.2236e-01, -2.6272e-01, -5.7785e+00, -6.6446e+00,  1.4182e+01,
         -9.5204e-01, -1.1687e+01, -1.6665e+01, -4.4838e+00,  1.3452e+01,
         -6.8153e+00, -1.0816e+00,  4.1513e+00,  1.0553e+01, -4.1069e+00,
         -1.5369e+01, -9.3676e+00, -5.8056e-01, -1.0030e+01,  5.8572e+01,
         -6.3312e+00, -1.3151e+01, -7.9168e+00,  5.3374e+00, -1.4897e+01,
          5.3343e+00, -3.0464e+00, -2.3777e+00,  6.8121e+00, -9.7995e+00,
          4.6146e+00, -7.2573e+00,  1.5458e+01, -7.4224e+00,  5.1585e+00,
          9.2019e+00,  4.8963e+00,  1.4449e-01,  5.1643e+00, -1.4609e+01,
          9.2835e-01,  1.2677e+00, -5.2232e+00, -1.2674e+01,  7.6590e-01,
          3.7229e+00, -5.7118e+00, -1.6773e+01,  3.6869e+00, -6.4476e+00],
        [-4.5262e+00, -1.1914e+01, -3.5483e+00,  2.3207e+00, -1.2215e+00,
         -5.4173e+00, -1.2585e+01,  3.6281e+00, -3.8668e+00, -1.3907e+01,
         -4.3431e+00,  9.8406e-01, -1.5407e+01, -1.1053e+01, -6.4107e+00,
          8.2145e+00,  1.5607e+00, -2.7237e+00, -5.8502e+00, -6.3312e+00,
          6.1692e+01,  9.8877e+00,  7.4530e+00,  6.1661e+00, -6.3259e-01,
          2.7700e+00,  7.0395e+00,  1.1032e+01, -7.0930e-01, -1.0859e+01,
          7.3077e-01,  2.8610e+00,  3.9795e+00, -4.6699e+00, -8.7882e+00,
          4.8970e+00,  3.6591e+00,  8.7516e+00,  8.8162e+00,  1.5912e+01,
          3.6797e+00,  7.9407e-02,  4.9269e+00,  5.9016e+00,  2.3762e+00,
          9.7076e-01, -3.0455e+00,  2.6044e+00,  1.2213e+01, -6.6444e+00],
        [ 2.6384e+00, -3.6875e+00, -3.3214e+00,  4.9936e+00,  3.6443e+00,
         -8.1926e+00,  1.2932e+00,  6.9368e+00,  1.2468e-01, -6.8622e+00,
          1.1854e+01,  2.0254e+00, -1.2231e+01,  1.8584e+00,  5.9802e-01,
         -9.3605e-01, -1.3871e+00,  2.1242e+00,  6.3459e-01, -1.3151e+01,
          9.8877e+00,  4.7530e+01, -4.4967e+00,  5.1843e+00,  9.3119e+00,
          8.7157e-01,  2.1623e+00,  6.3523e-01, -3.9299e+00, -1.4605e+00,
         -8.2124e-01,  2.2367e+00, -8.7128e+00,  7.6892e+00, -7.4434e+00,
          2.7081e+00, -7.6751e+00,  1.2056e+01, -4.5072e+00,  6.1287e+00,
          1.5230e+00,  4.7165e+00,  9.0874e+00,  3.0331e+00, -2.2525e+00,
         -4.5678e+00,  5.8415e+00,  1.1378e+01, -9.0940e-01, -1.4700e-01],
        [ 6.8257e+00,  2.2210e+00,  1.2518e+00,  7.0434e+00,  6.2108e+00,
          7.8598e-01,  3.2972e-01, -1.6087e+00,  1.7317e-01,  1.3738e+00,
          2.7286e+00, -6.2084e+00,  2.8366e+00, -2.4941e+00,  3.4403e+00,
          1.2956e+00, -3.0660e-01, -7.1840e+00, -6.0332e+00, -7.9168e+00,
          7.4530e+00, -4.4967e+00,  5.4497e+01,  9.4084e-01, -2.6441e+00,
         -1.6319e+01,  1.3808e+00, -5.1528e+00,  9.8937e-02,  6.6088e+00,
         -1.7407e+01,  2.2366e+00, -3.1892e+00, -3.9853e+00,  9.2403e+00,
         -1.2539e+01, -7.4908e+00, -6.5281e+00,  3.4450e+00, -8.1346e+00,
         -3.3227e+00, -3.3992e+00,  2.8004e+00,  9.6053e+00, -1.0680e+01,
         -4.0549e+00, -4.8293e+00, -4.4153e+00, -4.6014e+00, -7.3083e+00],
        [ 9.8236e+00, -5.0285e+00, -8.8650e+00, -1.9725e+01,  3.0640e-01,
          5.8218e+00,  6.2750e-01,  4.5894e+00, -7.6248e+00, -1.1994e+01,
         -1.4114e+00,  6.2209e+00, -5.3828e-01, -7.9601e+00, -1.4610e+01,
          9.5150e+00, -4.7733e+00,  1.6975e+00, -7.8547e+00,  5.3374e+00,
          6.1661e+00,  5.1843e+00,  9.4084e-01,  4.6801e+01, -6.4945e+00,
         -5.7786e-01, -8.3762e-01,  7.4232e+00,  8.3116e+00, -1.0037e+01,
         -4.6965e+00,  5.4859e+00, -7.8559e+00, -7.4814e+00,  1.2226e+00,
          6.5284e+00, -5.1146e-01,  6.2511e+00, -2.5912e+00,  1.5467e+01,
         -6.2041e+00,  4.5873e+00,  1.4031e+00, -1.2726e+01, -1.7190e-02,
         -9.3761e+00,  2.6333e+00, -7.0399e+00,  6.1055e+00,  7.1076e-01],
        [ 9.3990e+00, -1.2306e+00,  8.5147e+00, -9.5404e+00, -1.5169e+00,
         -1.0610e+01,  3.7137e+00,  7.1117e+00,  5.6622e+00, -1.0890e+01,
          7.5811e-01, -4.6332e-01, -7.0977e+00, -6.0120e+00,  4.7227e+00,
         -6.6557e-01, -6.4396e+00,  6.3861e+00, -5.7062e+00, -1.4897e+01,
         -6.3259e-01,  9.3119e+00, -2.6441e+00, -6.4945e+00,  4.6642e+01,
         -7.7519e-01,  5.1813e+00, -4.4902e+00,  3.2418e+00,  3.1270e+00,
          1.4285e-01,  3.1881e+00, -1.3277e+01,  5.3815e+00, -5.6369e+00,
          3.6580e+00, -6.0174e+00, -1.1610e+01, -3.4715e+00,  8.7205e-01,
         -7.3689e+00,  3.6560e+00,  1.0435e+00,  4.0656e+00,  1.0352e+00,
          5.6732e+00,  1.2763e+00, -7.7212e+00, -3.9025e+00,  2.8909e+00],
        [-1.4019e+01, -6.4165e+00,  8.5996e-01,  3.2725e+00, -1.1967e+01,
          6.4278e+00, -1.2810e+01,  1.0355e+01, -8.0815e-01,  7.5197e+00,
          3.1961e-01,  2.5167e+00, -7.9589e+00, -1.5361e+00,  3.2915e+00,
         -7.0562e-01,  2.1676e+00,  1.1313e+01, -8.3199e+00,  5.3343e+00,
          2.7700e+00,  8.7157e-01, -1.6319e+01, -5.7786e-01, -7.7519e-01,
          5.3601e+01,  1.6332e+00,  1.1130e+00, -1.1453e+00, -9.0849e+00,
          9.0986e+00,  9.7798e-02, -4.3853e-01,  9.5465e-01,  4.5591e+00,
          9.8188e+00, -1.7866e+01,  8.4110e+00, -9.6846e+00,  1.2712e+01,
          4.4128e+00,  8.2068e+00,  2.4135e+00,  1.0454e+01,  6.6716e+00,
          9.9021e+00,  4.4493e+00, -2.5496e+00, -1.3411e+01,  1.1331e+00],
        [ 9.9160e+00,  5.3386e+00, -3.9810e+00, -9.3631e+00, -4.6134e+00,
         -7.9394e+00, -7.1213e+00, -7.8980e+00, -1.1829e+01, -2.0239e+00,
         -8.0318e+00,  6.7494e+00,  5.8664e-01, -5.1816e+00, -1.1628e+01,
          6.3092e+00,  2.6773e+00, -5.3459e+00,  3.8315e+00, -3.0464e+00,
          7.0395e+00,  2.1623e+00,  1.3808e+00, -8.3762e-01,  5.1813e+00,
          1.6332e+00,  5.0729e+01, -1.5604e+00,  3.5249e+00, -1.3410e+01,
          3.9886e+00, -6.8392e+00, -2.2553e+00, -2.9909e+00, -7.1487e+00,
         -4.8463e-01, -3.5490e+00, -7.9309e-01, -6.6963e+00, -8.0693e-01,
          4.4008e+00,  5.9516e+00, -2.1911e+00,  4.5907e+00, -1.5975e+01,
          3.1969e+00,  8.2739e-01, -1.2168e+00, -2.6062e+00,  2.0180e+00],
        [-7.3452e+00, -3.3486e-01, -6.0050e+00, -8.5660e+00,  2.8198e+00,
         -1.2944e+00,  8.8718e+00,  1.4621e+00, -5.6525e+00, -6.1439e+00,
         -5.0886e-01,  2.9796e-01,  2.9358e+00, -1.3312e+01, -8.6843e+00,
          3.8699e+00, -3.2341e+00,  8.8861e-01, -1.0109e+01, -2.3777e+00,
          1.1032e+01,  6.3523e-01, -5.1528e+00,  7.4232e+00, -4.4902e+00,
          1.1130e+00, -1.5604e+00,  4.1920e+01,  8.0830e+00, -1.9613e+00,
          1.9041e+00, -4.6646e+00, -1.5327e+00, -8.6283e+00, -3.1315e+00,
         -4.0262e-01,  3.2606e+00, -1.2295e-01, -1.6728e-01,  9.6169e+00,
          5.2507e+00, -4.3567e+00, -7.3504e+00, -1.3142e+01,  7.1704e+00,
         -1.7801e+00,  4.0810e+00,  1.2361e+00,  1.3415e+01,  1.2673e+00],
        [-1.2886e+00,  1.4673e+00, -3.6263e+00, -1.4142e+01,  1.0495e+01,
         -4.1764e+00, -8.2261e-01, -3.2423e+00,  5.7411e+00, -7.2133e-01,
          4.2788e+00, -8.9458e-01,  7.5034e+00, -1.7667e+00, -1.2696e+00,
          4.0713e+00, -1.1673e+01, -2.0646e+01, -1.3341e+00,  6.8121e+00,
         -7.0930e-01, -3.9299e+00,  9.8937e-02,  8.3116e+00,  3.2418e+00,
         -1.1453e+00,  3.5249e+00,  8.0830e+00,  4.9342e+01, -3.7299e+00,
         -2.7483e+00,  6.3293e+00,  7.9548e+00, -3.9331e+00, -8.8912e+00,
         -2.4944e+00,  4.8643e+00, -1.6365e+01, -8.1847e-01,  5.7512e-01,
         -7.9476e-01, -5.6837e+00,  5.1876e-01, -1.2066e+01, -8.9051e+00,
          5.5346e+00,  8.2885e+00, -6.9115e-01,  9.8867e-01,  4.0640e-01],
        [-8.2023e+00,  1.1476e+00, -3.7682e+00,  7.1810e+00, -2.3434e+00,
          4.4882e+00,  2.3570e+00, -5.3792e+00,  1.0043e+01,  2.0372e+00,
          9.2422e+00,  1.1532e+00,  1.2683e+01,  7.0698e+00, -1.9698e+00,
          4.3538e+00,  3.8889e+00,  8.8306e+00,  4.8923e+00, -9.7995e+00,
         -1.0859e+01, -1.4605e+00,  6.6088e+00, -1.0037e+01,  3.1270e+00,
         -9.0849e+00, -1.3410e+01, -1.9613e+00, -3.7299e+00,  5.5533e+01,
         -1.3436e+01, -5.9788e+00,  1.4245e+01,  1.1337e+01, -1.0917e+01,
          7.8811e+00, -8.3926e-01,  8.2406e-01,  2.7289e+00,  5.4055e+00,
         -1.1622e+01, -8.6125e+00,  7.4493e-01,  3.2112e+00,  9.8034e+00,
          3.5181e+00,  5.3233e+00,  1.3346e+01, -1.9538e+01,  2.0429e+00],
        [-6.3895e+00, -9.7680e+00,  3.3094e+00, -1.0380e-01,  7.0513e+00,
         -1.2378e+00,  3.7237e+00,  2.7759e+00, -6.7212e-01,  5.8612e+00,
         -7.8808e+00,  6.1156e+00, -9.5856e+00,  9.6934e-01, -5.5183e+00,
         -6.2710e+00,  1.0690e+01,  7.6453e+00,  1.0370e+01,  4.6146e+00,
          7.3077e-01, -8.2124e-01, -1.7407e+01, -4.6965e+00,  1.4285e-01,
          9.0986e+00,  3.9886e+00,  1.9041e+00, -2.7483e+00, -1.3436e+01,
          4.8440e+01, -6.8862e+00, -8.1110e+00, -7.8401e+00, -4.9435e+00,
         -3.3257e+00, -7.6604e+00, -2.3355e+00, -2.5141e+00,  8.9064e-01,
          7.4877e+00,  8.7174e+00,  3.0626e+00, -3.4704e+00,  3.3979e+00,
          6.3888e+00, -1.3207e+01, -3.9080e+00,  6.5846e+00, -2.0219e+00],
        [ 7.0584e+00, -3.0559e-01, -6.3653e-01, -5.1780e+00, -5.8085e+00,
         -1.2775e+00, -3.4375e+00,  6.1169e+00,  2.0915e+00,  1.0949e+01,
          6.7768e+00,  1.6675e+00,  3.0443e+00, -7.8880e-01,  1.5253e+00,
          1.0358e+00, -5.5922e+00, -5.2614e+00, -6.3661e+00, -7.2573e+00,
          2.8610e+00,  2.2367e+00,  2.2366e+00,  5.4859e+00,  3.1881e+00,
          9.7798e-02, -6.8392e+00, -4.6646e+00,  6.3293e+00, -5.9788e+00,
         -6.8862e+00,  4.3279e+01,  2.5132e+00, -4.2158e+00, -8.4844e+00,
          4.3823e+00,  3.5021e+00,  3.6528e-01, -5.3368e+00,  1.3796e+01,
          2.8951e+00, -5.2388e+00,  3.8407e+00,  2.3944e+00, -1.0222e+01,
         -4.1878e-01, -6.2760e+00,  6.3191e-01, -9.2318e+00,  2.0652e+00],
        [ 8.7597e-01,  2.7090e+00, -9.7919e+00,  8.1131e+00,  1.0181e+01,
         -9.3523e+00, -3.0775e+00, -1.4367e+01, -6.0413e-01,  5.5724e+00,
          7.8599e+00,  5.0924e+00,  1.1239e+01,  6.3711e+00, -5.6157e+00,
         -5.1165e+00, -4.8263e+00, -2.7949e+00,  1.2499e+01,  1.5458e+01,
          3.9795e+00, -8.7128e+00, -3.1892e+00, -7.8559e+00, -1.3277e+01,
         -4.3853e-01, -2.2553e+00, -1.5327e+00,  7.9548e+00,  1.4245e+01,
         -8.1110e+00,  2.5132e+00,  5.3366e+01,  9.6849e+00, -1.0836e+01,
          8.2234e+00,  1.0988e+01,  9.6474e+00,  1.4198e+00,  9.9824e-01,
         -1.4717e+00, -6.5891e+00, -4.4171e+00,  5.3823e+00,  1.1226e+01,
         -3.6655e-02,  1.2345e+01,  1.0588e+00, -7.9187e+00, -1.0572e-01],
        [-8.0659e+00,  1.0448e+01,  5.0571e+00,  4.3350e+00, -1.5132e-01,
         -8.9198e-02,  1.5344e+00,  5.8892e+00, -1.1005e+01,  1.0651e+00,
          7.8013e+00,  2.0364e-01,  5.4283e+00,  1.4799e+01,  6.1423e+00,
         -3.8177e+00,  4.5292e+00,  9.9093e+00, -3.0475e+00, -7.4224e+00,
         -4.6699e+00,  7.6892e+00, -3.9853e+00, -7.4814e+00,  5.3815e+00,
          9.5465e-01, -2.9909e+00, -8.6283e+00, -3.9331e+00,  1.1337e+01,
         -7.8401e+00, -4.2158e+00,  9.6849e+00,  4.3938e+01, -1.8405e+00,
          1.2406e+00, -7.2022e-01,  2.7555e+00, -6.7861e+00, -4.3605e+00,
         -2.5921e+00, -1.1398e+01, -6.6475e-01,  4.2436e+00,  6.4962e+00,
         -1.0638e+01,  2.9367e+00,  7.9844e+00, -1.2960e+01, -1.7005e+00],
        [-4.9779e+00,  7.9417e+00,  2.2664e+00,  6.9030e+00,  6.3840e+00,
          8.9015e-01, -1.2967e+01, -6.3586e+00,  7.3660e+00, -5.6978e+00,
          7.0575e-01, -9.4115e+00,  5.1589e+00,  1.2682e+00,  7.5391e+00,
         -4.6064e+00,  6.1672e+00, -7.2514e+00,  2.0980e+00,  5.1585e+00,
         -8.7882e+00, -7.4434e+00,  9.2403e+00,  1.2226e+00, -5.6369e+00,
          4.5591e+00, -7.1487e+00, -3.1315e+00, -8.8912e+00, -1.0917e+01,
         -4.9435e+00, -8.4844e+00, -1.0836e+01, -1.8405e+00,  4.9214e+01,
          4.5882e+00, -2.3733e+00,  1.4051e+00, -1.9897e+00, -1.9031e+00,
          2.4222e+01,  4.0998e+00, -3.8167e+00,  1.1130e+00,  1.8117e+00,
          3.9485e+00, -6.6592e-01, -1.2576e+01,  5.1471e+00,  2.8831e+00],
        [ 9.9786e+00,  3.9722e+00, -1.3090e+01, -1.0664e+00, -2.3491e+00,
          2.6981e+00, -1.5216e+01, -1.0967e+01, -3.5070e+00, -1.0219e+01,
          9.9285e-01,  1.5333e+01,  8.0166e+00,  3.7715e-01, -4.5285e+00,
         -4.2624e+00, -9.3054e+00,  6.5236e+00, -4.1736e+00,  9.2019e+00,
          4.8970e+00,  2.7081e+00, -1.2539e+01,  6.5284e+00,  3.6580e+00,
          9.8188e+00, -4.8463e-01, -4.0262e-01, -2.4944e+00,  7.8811e+00,
         -3.3257e+00,  4.3823e+00,  8.2234e+00,  1.2406e+00,  4.5882e+00,
          5.0074e+01, -4.0954e+00,  3.3472e+00, -2.7591e+00,  1.7237e+01,
          4.2211e+00,  1.1728e+01, -7.9943e+00, -4.2131e-01,  3.7248e+00,
         -2.5302e+00,  4.8863e+00, -1.3515e+00, -1.4481e+01, -4.4869e+00],
        [-6.7049e-01,  5.9566e+00, -2.3165e+00,  2.5957e+00,  8.2494e+00,
          2.1327e+00,  1.4094e-01,  2.4410e+00, -6.0005e+00, -9.5206e+00,
         -1.0814e+01, -8.6419e+00, -2.5374e-01, -1.1045e-01,  1.6949e+00,
         -5.2674e+00, -4.1689e+00, -9.5779e+00,  1.7002e+00,  4.8963e+00,
          3.6591e+00, -7.6751e+00, -7.4908e+00, -5.1146e-01, -6.0174e+00,
         -1.7866e+01, -3.5490e+00,  3.2606e+00,  4.8643e+00, -8.3926e-01,
         -7.6604e+00,  3.5021e+00,  1.0988e+01, -7.2022e-01, -2.3733e+00,
         -4.0954e+00,  5.0547e+01,  3.8467e+00, -2.1971e+00, -7.1252e+00,
          2.5995e-01, -1.0221e+01, -1.8341e+00, -1.0727e+01, -7.9668e+00,
         -1.1295e+01, -5.7691e+00,  2.5747e+00,  2.1712e+01,  1.1673e+01],
        [-2.8386e+00, -9.5077e+00, -9.9549e-01, -1.0926e+01, -1.0773e+01,
          5.0658e+00,  3.6735e+00, -3.4804e-01,  4.4672e+00,  4.9754e+00,
          4.5048e-01,  3.5643e+00, -5.5188e+00,  1.9928e+01, -1.5459e+01,
         -9.7300e+00, -5.6401e+00,  5.9699e+00, -7.5401e+00,  1.4449e-01,
          8.7516e+00,  1.2056e+01, -6.5281e+00,  6.2511e+00, -1.1610e+01,
          8.4110e+00, -7.9309e-01, -1.2295e-01, -1.6365e+01,  8.2406e-01,
         -2.3355e+00,  3.6528e-01,  9.6474e+00,  2.7555e+00,  1.4051e+00,
          3.3472e+00,  3.8467e+00,  7.0262e+01, -3.4783e+00,  1.0992e+01,
          1.0311e+01, -1.7013e+01, -1.7357e+00, -3.2870e+00,  1.3818e+00,
         -1.9920e+00,  7.0640e+00,  5.6355e+00, -3.2100e+00, -1.6337e+01],
        [-4.5117e+00, -1.0358e-01, -4.9709e+00, -6.3124e+00,  4.6343e+00,
         -7.6554e+00,  6.9727e+00, -1.5256e+01,  9.1484e-01, -2.0716e+00,
         -7.9471e+00,  1.2020e+01,  1.3776e+00,  5.5270e+00, -8.4425e+00,
         -3.7072e+00, -3.9262e+00, -3.8898e+00,  2.4001e+00,  5.1643e+00,
          8.8162e+00, -4.5072e+00,  3.4450e+00, -2.5912e+00, -3.4715e+00,
         -9.6846e+00, -6.6963e+00, -1.6728e-01, -8.1847e-01,  2.7289e+00,
         -2.5141e+00, -5.3368e+00,  1.4198e+00, -6.7861e+00, -1.9897e+00,
         -2.7591e+00, -2.1971e+00, -3.4783e+00,  5.5376e+01, -2.0012e+00,
         -4.0431e+00, -4.9966e+00, -4.3887e+00, -1.3138e+01,  5.5960e+00,
          1.7451e+01, -1.1799e+01, -1.4429e+01,  9.7667e+00, -4.2740e+00],
        [-5.1192e+00, -5.6606e+00, -4.6538e+00, -3.7240e+00, -1.0425e+01,
          2.7321e-01, -1.0104e+00,  5.2540e+00,  5.6172e+00, -3.1007e+00,
          8.3539e+00,  7.3134e+00,  8.5268e+00, -1.1845e+01, -7.3779e+00,
          1.2459e+01, -5.6257e+00,  6.2531e+00, -2.0709e+00, -1.4609e+01,
          1.5912e+01,  6.1287e+00, -8.1346e+00,  1.5467e+01,  8.7205e-01,
          1.2712e+01, -8.0693e-01,  9.6169e+00,  5.7512e-01,  5.4055e+00,
          8.9064e-01,  1.3796e+01,  9.9824e-01, -4.3605e+00, -1.9031e+00,
          1.7237e+01, -7.1252e+00,  1.0992e+01, -2.0012e+00,  5.7856e+01,
          1.7444e+00,  2.0830e+00, -3.1073e-01,  4.4283e+00,  8.0677e+00,
          9.0490e+00,  8.3421e+00, -4.4096e-01, -1.4786e+01, -2.8280e+00],
        [-6.0278e+00,  2.3442e+00, -4.7722e+00,  5.4897e+00,  7.8309e+00,
         -1.1173e+00, -8.2087e+00, -5.0196e-01,  5.3291e+00,  8.5993e+00,
          5.2931e+00, -5.5487e+00, -1.3381e+00, -1.2126e+00, -7.5704e+00,
          2.5785e+00,  1.5168e+00, -1.6906e+01,  1.2653e+01,  9.2835e-01,
          3.6797e+00,  1.5230e+00, -3.3227e+00, -6.2041e+00, -7.3689e+00,
          4.4128e+00,  4.4008e+00,  5.2507e+00, -7.9476e-01, -1.1622e+01,
          7.4877e+00,  2.8951e+00, -1.4717e+00, -2.5921e+00,  2.4222e+01,
          4.2211e+00,  2.5995e-01,  1.0311e+01, -4.0431e+00,  1.7444e+00,
          5.3930e+01, -7.4405e-01,  2.6342e+00,  7.5138e-01, -6.7978e-01,
          1.1029e+01,  3.9755e+00, -4.5043e-01,  3.2411e+00, -3.4726e+00],
        [ 4.2722e+00, -1.1271e+01, -2.0131e-01,  4.3326e+00,  4.2283e+00,
         -3.9356e+00,  4.9517e+00,  1.8056e+00, -9.5680e-01, -3.3097e+00,
          8.6910e+00, -2.2859e+00, -1.3591e+01, -1.1169e+01, -3.9947e+00,
          3.1923e-01,  4.0864e+00,  1.9532e+00,  6.4479e+00,  1.2677e+00,
          7.9407e-02,  4.7165e+00, -3.3992e+00,  4.5873e+00,  3.6560e+00,
          8.2068e+00,  5.9516e+00, -4.3567e+00, -5.6837e+00, -8.6125e+00,
          8.7174e+00, -5.2388e+00, -6.5891e+00, -1.1398e+01,  4.0998e+00,
          1.1728e+01, -1.0221e+01, -1.7013e+01, -4.9966e+00,  2.0830e+00,
         -7.4405e-01,  4.1726e+01, -9.0560e-01,  1.6323e+01,  1.6803e+01,
          7.2489e+00, -4.7960e+00, -4.2299e+00, -2.4786e+00, -4.6422e+00],
        [-9.5120e+00, -1.1980e+01, -3.4378e-01,  1.3260e+01,  3.2113e+00,
         -8.4708e+00,  1.3435e+00,  7.5016e+00,  5.7560e+00, -1.1409e+01,
         -1.1544e+00, -3.3650e+00, -6.0551e+00, -5.6633e+00, -7.6056e+00,
          1.0554e+01, -5.6534e+00,  1.0224e+01,  3.1929e-02, -5.2232e+00,
          4.9269e+00,  9.0874e+00,  2.8004e+00,  1.4031e+00,  1.0435e+00,
          2.4135e+00, -2.1911e+00, -7.3504e+00,  5.1876e-01,  7.4493e-01,
          3.0626e+00,  3.8407e+00, -4.4171e+00, -6.6475e-01, -3.8167e+00,
         -7.9943e+00, -1.8341e+00, -1.7357e+00, -4.3887e+00, -3.1073e-01,
          2.6342e+00, -9.0560e-01,  4.7302e+01, -6.4078e+00,  2.0548e+00,
          2.4931e+00, -1.3235e+01,  1.3927e+01,  5.7292e+00,  3.6005e+00],
        [-2.9821e+00, -5.7866e+00,  1.0250e+01,  1.4869e+01, -1.3049e+01,
          4.0634e+00, -6.1829e+00,  1.5509e+01,  2.0527e+00,  1.3691e+01,
          5.7424e+00, -2.2855e+00, -4.1439e+00, -2.9674e+00,  5.7344e+00,
          5.5251e+00,  1.1061e+01,  8.1316e-01,  5.4120e+00, -1.2674e+01,
          5.9016e+00,  3.0331e+00,  9.6053e+00, -1.2726e+01,  4.0656e+00,
          1.0454e+01,  4.5907e+00, -1.3142e+01, -1.2066e+01,  3.2112e+00,
         -3.4704e+00,  2.3944e+00,  5.3823e+00,  4.2436e+00,  1.1130e+00,
         -4.2131e-01, -1.0727e+01, -3.2870e+00, -1.3138e+01,  4.4283e+00,
          7.5138e-01,  1.6323e+01, -6.4078e+00,  4.8105e+01,  1.1977e+01,
          3.8517e+00,  1.1580e+01,  7.2798e+00, -1.6950e+01,  3.6778e-02],
        [-1.0000e+01, -1.6255e+01,  1.1481e+01,  2.0105e+00,  1.3078e+01,
         -7.6024e+00,  2.4064e+01,  6.2794e+00,  3.6530e-03, -9.3148e-01,
          1.1072e+01, -3.1799e+00, -5.5409e+00, -2.9229e+00,  2.8918e+00,
          2.2103e+00, -3.4948e+00,  1.0753e+01,  8.2151e+00,  7.6590e-01,
          2.3762e+00, -2.2525e+00, -1.0680e+01, -1.7190e-02,  1.0352e+00,
          6.6716e+00, -1.5975e+01,  7.1704e+00, -8.9051e+00,  9.8034e+00,
          3.3979e+00, -1.0222e+01,  1.1226e+01,  6.4962e+00,  1.8117e+00,
          3.7248e+00, -7.9668e+00,  1.3818e+00,  5.5960e+00,  8.0677e+00,
         -6.7978e-01,  1.6803e+01,  2.0548e+00,  1.1977e+01,  6.3703e+01,
          1.1619e+01, -9.8434e-01, -5.4217e+00,  7.8061e-02, -1.1927e+01],
        [-7.1176e+00, -4.0566e+00, -2.9063e+00, -3.4699e+00,  9.8718e-01,
         -1.2332e+01,  3.8596e+00, -3.6592e+00,  1.2497e+01,  7.7465e+00,
          8.2567e+00, -4.0554e+00, -7.5880e-01,  1.5684e+00, -9.0710e+00,
          2.9543e+00,  2.5073e+00, -6.3071e+00,  8.4805e+00,  3.7229e+00,
          9.7076e-01, -4.5678e+00, -4.0549e+00, -9.3761e+00,  5.6732e+00,
          9.9021e+00,  3.1969e+00, -1.7801e+00,  5.5346e+00,  3.5181e+00,
          6.3888e+00, -4.1878e-01, -3.6655e-02, -1.0638e+01,  3.9485e+00,
         -2.5302e+00, -1.1295e+01, -1.9920e+00,  1.7451e+01,  9.0490e+00,
          1.1029e+01,  7.2489e+00,  2.4931e+00,  3.8517e+00,  1.1619e+01,
          4.2625e+01, -6.4810e+00, -4.5324e+00, -1.0169e+00, -1.2792e+00],
        [ 2.0647e+00,  2.2738e+00,  2.1252e+00, -2.9043e+00, -5.5513e+00,
          6.4629e+00, -3.6434e+00, -2.8445e-01,  5.1293e+00,  1.1330e+00,
          1.4375e+01,  3.9338e+00,  6.6893e+00, -3.5553e+00,  3.7227e-01,
          5.2397e+00, -6.8968e+00, -3.3216e+00,  6.2920e+00, -5.7118e+00,
         -3.0455e+00,  5.8415e+00, -4.8293e+00,  2.6333e+00,  1.2763e+00,
          4.4493e+00,  8.2739e-01,  4.0810e+00,  8.2885e+00,  5.3233e+00,
         -1.3207e+01, -6.2760e+00,  1.2345e+01,  2.9367e+00, -6.6592e-01,
          4.8863e+00, -5.7691e+00,  7.0640e+00, -1.1799e+01,  8.3421e+00,
          3.9755e+00, -4.7960e+00, -1.3235e+01,  1.1580e+01, -9.8434e-01,
         -6.4810e+00,  4.1179e+01,  1.8840e+00, -1.1696e+01,  9.2077e-01],
        [-6.3095e+00, -2.0598e+00, -2.7549e+00,  1.1332e+01, -1.2210e+01,
         -3.8069e-01, -5.6199e+00,  1.3924e+01,  8.2082e+00, -1.1144e+01,
          3.0700e-01, -7.7239e+00, -3.0452e+00,  6.4295e+00, -4.5106e+00,
          9.5665e+00,  1.6145e+01,  3.6594e+00,  7.7845e+00, -1.6773e+01,
          2.6044e+00,  1.1378e+01, -4.4153e+00, -7.0399e+00, -7.7212e+00,
         -2.5496e+00, -1.2168e+00,  1.2361e+00, -6.9115e-01,  1.3346e+01,
         -3.9080e+00,  6.3191e-01,  1.0588e+00,  7.9844e+00, -1.2576e+01,
         -1.3515e+00,  2.5747e+00,  5.6355e+00, -1.4429e+01, -4.4096e-01,
         -4.5043e-01, -4.2299e+00,  1.3927e+01,  7.2798e+00, -5.4217e+00,
         -4.5324e+00,  1.8840e+00,  4.5660e+01, -4.1739e+00,  6.3520e+00],
        [ 1.9193e-01, -7.5444e-01, -7.6930e+00,  1.7660e+00,  1.6495e+01,
         -1.2272e+01,  4.3106e+00,  1.4544e+00,  1.6660e+00, -1.4684e+01,
         -1.4602e+01, -4.8604e+00, -8.7580e+00, -9.4613e+00, -2.5328e-01,
          4.7534e+00, -1.1205e-01, -5.6545e+00, -7.3273e-01,  3.6869e+00,
          1.2213e+01, -9.0940e-01, -4.6014e+00,  6.1055e+00, -3.9025e+00,
         -1.3411e+01, -2.6062e+00,  1.3415e+01,  9.8867e-01, -1.9538e+01,
          6.5846e+00, -9.2318e+00, -7.9187e+00, -1.2960e+01,  5.1471e+00,
         -1.4481e+01,  2.1712e+01, -3.2100e+00,  9.7667e+00, -1.4786e+01,
          3.2411e+00, -2.4786e+00,  5.7292e+00, -1.6950e+01,  7.8061e-02,
         -1.0169e+00, -1.1696e+01, -4.1739e+00,  4.7792e+01,  8.9370e+00],
        [-6.1725e-01,  1.1690e+01, -6.4212e+00,  3.5404e+00, -7.3080e+00,
          7.4459e+00, -9.5643e+00,  2.2764e+00,  6.1545e+00, -5.7451e+00,
         -5.7679e+00, -1.8231e+00,  9.1936e+00, -5.0327e+00,  6.6931e+00,
          8.3328e+00,  4.7389e+00,  2.4784e+00,  9.0778e+00, -6.4476e+00,
         -6.6444e+00, -1.4700e-01, -7.3083e+00,  7.1076e-01,  2.8909e+00,
          1.1331e+00,  2.0180e+00,  1.2673e+00,  4.0640e-01,  2.0429e+00,
         -2.0219e+00,  2.0652e+00, -1.0572e-01, -1.7005e+00,  2.8831e+00,
         -4.4869e+00,  1.1673e+01, -1.6337e+01, -4.2740e+00, -2.8280e+00,
         -3.4726e+00, -4.6422e+00,  3.6005e+00,  3.6778e-02, -1.1927e+01,
         -1.2792e+00,  9.2077e-01,  6.3520e+00,  8.9370e+00,  4.2581e+01]]
