defaults:
  - vpsde_sample_config
  - sampler: vpsde_velocity_sampler
  - diffusion: base_temporal_unet
  - likelihood: base_likelihood
  - example: gaussian_example
  - _self_

example:
  d: 8
  mu: [[-1.1815],
       [ 0.3824],
       [ 0.2117],
       [ 1.8773],
       [ 1.2792],
       [-0.8174],
       [-0.8094],
       [-2.7646]]
  sigma: [[ 6.0969,  0.3034,  0.8499,  2.3078,  0.2222,  3.6332, -0.8751, -2.1846],
          [ 0.3034,  9.8621, -0.0335, -4.3996, -4.0920,  2.2609, -7.3280, -0.4211],
          [ 0.8499, -0.0335,  9.7994,  0.0329,  2.1828,  2.5674, -3.3685, -2.5248],
          [ 2.3078, -4.3996,  0.0329, 10.7268,  4.9464, -5.4443,  1.2777,  2.0463],
          [ 0.2222, -4.0920,  2.1828,  4.9464,  4.9402, -1.6349,  1.1930,  0.3614],
          [ 3.6332,  2.2609,  2.5674, -5.4443, -1.6349, 12.0354, -0.0656, -4.3719],
          [-0.8751, -7.3280, -3.3685,  1.2777,  1.1930, -0.0656,  8.2306,  0.2115],
          [-2.1846, -0.4211, -2.5248,  2.0463,  0.3614, -4.3719,  0.2115,  2.8413]]
